Hour of Day,Total Completed 2022,Total Completed 2023,Total Completed 2024,Total Completed General
0,2007,2073,1163,5243
1,1182,1527,924,3633
2,1240,1614,795,3649
3,277,142,311,730
4,1054,1309,831,3194
5,821,1118,636,2575
6,691,528,484,1703
7,2263,2052,1138,5453
8,2611,2265,1224,6100
9,2601,2430,1140,6171
10,1296,1092,487,2875
11,2511,2341,1271,6123
12,2719,2540,1409,6668
13,2485,2464,1425,6374
14,2160,2147,1070,5377
15,2088,1943,1132,5163
16,1275,1210,751,3236
17,1857,1876,926,4659
18,2004,2085,945,5034
19,1070,921,534,2525
20,1859,1837,1042,4738
21,1943,2080,1054,5077
22,1965,1933,782,4680
23,2056,1953,1128,5137
